70 95 18 40 32 47 49 91 28 27 30 44 48 82 80 19 83 97 37 91 29 91 80 0 32 73 37 78 20 85 80 27 25 69 36 8 14 92 7 41 61 10 54 57 84 9 15 84 90 1 60 17 16 93 82 75 27 86 24 76 55 13 47 76 37 16 20 70 6 78 69 70 83 80 73 91 41 13 14 93 28 41 26 82 89 39 84 66 5 93 44 88 78 74 7 47 84 51 99 30 
94 67 70 82 56 57 23 0 19 55 71 37 78 19 33 1 23 95 68 56 53 99 94 8 70 0 35 94 88 92 33 61 53 90 93 75 87 99 89 15 99 64 71 47 53 12 34 57 62 20 65 34 34 16 24 73 99 11 11 12 56 49 20 78 57 74 36 99 47 62 19 44 27 5 24 88 18 80 98 28 81 97 98 28 37 40 98 27 89 47 41 32 14 84 66 53 51 26 41 7 
93 97 36 48 73 34 79 91 16 97 29 10 19 97 14 15 19 15 34 69 94 20 52 91 12 99 53 21 64 16 32 94 6 45 26 25 70 85 37 48 44 73 6 9 70 20 47 39 93 20 45 49 3 27 37 78 56 18 43 52 43 57 79 47 43 40 1 80 66 3 67 45 20 70 99 76 62 31 39 97 9 65 82 88 71 46 14 16 60 28 25 86 38 60 16 20 63 12 66 69 
19 70 64 82 66 17 30 67 77 95 97 16 22 6 96 89 13 92 67 78 27 31 84 8 30 69 32 18 1 80 43 23 7 36 81 1 11 77 14 31 24 60 69 75 16 3 71 24 22 92 88 10 71 37 92 90 61 74 34 74 80 22 51 7 99 99 96 19 6 56 89 9 72 99 30 83 39 17 41 5 97 94 69 42 40 17 57 4 90 35 59 35 2 65 4 18 71 50 73 35 
57 1 80 87 97 22 35 19 21 99 27 84 49 31 41 76 11 88 49 43 26 69 32 78 86 2 52 44 83 26 61 31 33 67 33 23 88 54 5 65 45 38 36 70 3 28 29 17 29 71 76 56 33 69 87 90 21 57 90 4 76 28 79 96 91 78 47 87 32 83 92 70 8 85 24 21 72 31 69 58 77 21 14 26 79 98 60 35 85 45 52 45 11 31 50 36 61 33 38 88 
64 41 3 98 51 44 6 77 63 11 93 42 97 32 22 92 65 59 92 70 4 68 69 64 11 34 77 47 12 8 52 95 87 13 3 37 25 21 19 30 57 54 14 70 54 28 64 65 3 77 96 73 92 10 0 47 14 52 3 88 7 79 93 42 14 48 11 84 33 21 87 6 67 56 73 74 15 74 75 96 29 35 0 11 5 1 9 76 7 15 54 68 5 84 98 78 32 56 5 82 
73 79 18 52 24 14 49 0 16 35 91 72 78 57 81 0 93 67 47 22 93 98 94 72 27 32 95 46 55 26 86 56 97 90 10 71 29 98 68 55 21 22 86 78 94 33 79 31 19 23 82 30 13 44 24 17 61 58 60 27 48 76 48 89 40 32 79 78 74 84 44 53 96 44 30 63 94 83 80 66 5 99 77 13 63 95 27 51 77 23 92 50 42 42 94 32 74 85 81 1 
21 30 29 30 81 73 58 21 82 26 59 48 0 44 28 77 68 91 29 34 16 81 56 85 56 40 84 62 28 45 80 90 43 53 5 84 1 99 45 4 3 36 87 50 41 19 48 69 5 78 30 33 40 39 94 70 77 64 3 40 73 99 63 99 72 10 33 22 61 45 1 59 50 95 48 99 38 37 85 59 31 69 50 79 24 59 50 10 62 11 23 92 61 49 4 76 44 80 14 95 
7 82 56 32 50 66 90 21 89 55 52 49 30 38 87 47 73 15 84 50 46 66 34 74 7 61 52 44 17 52 99 4 16 2 59 67 46 44 16 15 72 60 34 37 36 36 53 28 50 95 39 22 58 16 81 32 78 51 98 39 77 48 79 45 62 50 66 23 21 15 88 21 10 38 42 45 42 18 1 76 86 71 84 85 53 25 58 54 87 10 65 45 42 40 11 22 59 62 75 48 
7 11 37 17 78 70 73 25 56 27 77 94 78 73 8 78 8 6 78 90 61 23 2 52 25 99 17 87 59 55 10 17 40 62 63 8 12 39 63 45 20 78 38 68 85 60 3 64 79 4 52 89 25 12 71 97 51 74 16 46 48 7 17 58 40 53 49 75 25 81 1 19 66 16 39 70 56 6 48 2 1 91 70 31 69 71 79 69 85 64 73 61 89 1 39 5 99 79 19 28 
20 13 60 59 78 82 17 32 22 20 4 82 82 97 95 21 74 87 68 47 90 56 97 37 99 14 10 83 29 27 3 48 37 45 58 82 50 98 96 23 7 34 80 3 74 54 61 46 79 24 8 27 4 23 96 6 35 13 67 59 66 69 71 65 93 88 1 15 8 46 20 95 10 27 65 22 66 7 93 63 70 79 52 55 46 13 10 8 69 8 32 27 28 93 13 35 62 58 33 54 
71 94 20 54 33 36 38 7 91 90 81 93 70 41 12 6 19 32 93 3 77 34 54 47 60 53 6 91 36 7 47 69 38 25 90 89 62 66 31 63 99 5 69 84 45 33 28 46 0 15 38 55 31 75 41 78 70 94 18 95 9 45 71 20 33 32 60 61 23 53 82 34 40 24 3 27 44 13 97 29 87 14 82 18 76 21 15 74 94 55 75 58 43 71 1 63 52 14 37 58 
7 40 41 72 24 90 23 16 22 13 9 33 52 70 9 85 34 61 54 39 92 93 19 21 32 71 14 24 1 2 83 81 71 75 28 71 99 34 66 77 10 0 9 99 69 34 22 99 26 5 70 89 11 27 60 30 55 12 93 12 55 24 2 60 70 5 4 43 12 25 22 38 89 79 79 31 63 79 63 69 21 71 92 61 55 12 76 82 31 5 8 91 47 76 39 4 13 72 60 91 
34 27 63 44 21 30 22 92 32 87 71 3 38 99 23 29 95 3 63 0 31 58 96 19 5 15 22 85 31 69 86 92 85 20 50 39 8 35 97 16 46 65 46 12 82 84 26 0 94 76 60 39 75 46 44 32 64 65 61 56 29 24 51 79 5 27 88 20 37 15 26 84 15 72 53 13 6 61 29 44 13 29 35 87 4 21 18 71 27 57 90 76 79 86 93 30 69 7 80 47 
82 25 49 92 39 89 33 16 5 27 1 5 14 71 40 56 42 29 55 33 60 50 18 33 14 96 85 10 62 0 85 33 60 9 52 86 35 38 97 69 51 13 6 73 45 45 72 64 57 8 94 77 20 27 71 32 30 72 54 2 51 7 77 61 14 54 12 14 71 13 21 50 32 32 70 97 70 81 68 85 82 61 46 9 96 63 65 34 2 39 3 54 7 76 89 46 87 93 3 91 
69 54 46 2 4 2 37 50 38 27 99 72 65 46 67 39 45 65 43 89 75 19 59 59 71 14 49 1 84 4 79 62 83 45 97 78 40 36 52 19 92 91 78 35 4 25 99 97 65 25 19 9 12 86 20 78 82 32 5 65 52 59 40 63 26 50 77 56 30 74 71 94 40 91 64 64 62 49 24 47 96 81 20 80 95 51 19 69 90 91 66 10 80 34 96 26 98 12 34 31 
70 49 23 78 53 62 51 68 83 77 11 36 0 26 48 57 8 64 39 44 2 77 92 40 14 30 58 44 71 49 32 20 74 32 97 71 27 4 72 14 78 93 96 75 13 27 96 40 70 14 50 68 10 24 72 62 63 52 53 96 80 33 9 27 25 80 99 65 48 91 13 43 30 23 6 31 57 66 12 17 23 73 74 28 64 11 55 11 30 8 2 14 54 23 80 67 55 70 20 3 
53 5 26 26 39 81 32 69 26 92 55 28 66 23 66 53 24 88 5 87 37 46 65 57 97 73 20 79 74 21 35 7 83 92 69 85 62 39 21 29 49 90 0 32 33 84 10 23 98 64 7 43 11 11 88 70 95 41 11 61 84 0 54 6 22 98 77 95 87 88 29 12 2 18 69 25 69 98 40 18 23 19 47 7 84 68 25 38 15 15 47 59 94 41 63 36 27 90 63 34 
88 38 25 3 33 96 58 77 8 68 74 19 6 19 73 90 1 20 98 5 53 76 23 18 99 76 15 5 59 73 62 32 9 19 16 95 50 84 6 62 49 67 93 65 51 6 41 3 97 62 78 70 30 3 16 27 75 46 74 8 20 16 59 97 54 20 27 46 26 73 6 63 10 54 84 69 69 63 7 18 69 64 3 50 31 79 1 89 9 93 93 7 67 48 72 76 6 23 32 24 
72 41 55 28 3 62 24 81 79 50 83 22 94 54 94 80 34 51 66 10 78 15 5 1 57 93 84 78 56 66 98 56 93 91 59 5 29 59 54 61 99 43 56 30 6 36 0 61 68 55 5 57 0 53 49 72 87 12 64 9 84 5 19 47 19 98 39 94 95 46 44 45 19 16 72 95 17 29 26 67 15 64 77 23 29 30 24 33 14 64 25 98 1 98 34 82 47 79 72 1 
61 9 71 33 91 72 23 64 63 91 49 14 39 24 1 42 90 51 13 48 36 78 80 62 16 52 21 56 20 54 60 79 94 65 0 8 32 53 81 96 34 36 93 82 31 80 67 8 99 84 71 20 81 11 54 41 68 68 65 49 4 14 96 89 9 50 43 62 84 23 27 65 55 0 21 45 14 66 58 45 42 14 42 31 68 94 89 96 89 14 14 92 58 1 74 55 20 53 39 83 
75 54 86 81 63 49 96 61 41 13 27 34 93 90 30 33 62 68 77 21 99 56 4 52 41 64 23 55 3 93 79 35 63 23 35 62 37 40 58 83 12 53 71 41 74 37 20 57 41 61 77 82 70 90 51 1 91 87 84 23 82 89 12 58 10 80 87 69 52 70 16 87 1 23 46 60 49 21 38 38 30 44 50 18 12 30 56 55 96 81 72 65 60 35 91 22 75 83 24 68 
47 12 96 86 64 66 17 46 40 23 79 5 2 15 92 28 41 89 23 62 79 38 96 80 84 25 93 37 77 90 24 92 0 61 65 57 38 80 28 96 13 17 66 12 25 63 96 83 57 70 96 71 99 43 7 47 70 57 14 65 39 38 37 94 78 7 52 48 57 98 5 26 51 75 74 14 65 15 29 37 98 86 63 2 3 64 22 25 94 96 9 67 96 71 97 88 13 68 31 40 
37 71 56 28 64 46 18 63 5 8 45 22 22 44 63 12 70 79 66 77 58 1 44 89 18 84 55 18 10 58 2 85 68 82 44 10 61 41 66 89 47 97 65 55 64 13 45 56 55 44 37 67 17 35 46 42 49 96 39 60 67 66 47 32 1 80 5 22 51 16 97 34 40 69 61 5 29 96 97 31 22 82 32 38 34 14 0 40 2 70 15 36 59 38 88 87 82 17 35 45 
13 95 41 13 83 2 61 95 40 86 87 26 11 39 88 93 70 68 32 2 91 16 29 38 0 78 20 84 11 29 64 54 30 30 27 42 33 65 91 88 70 24 82 22 91 43 86 30 55 35 54 92 26 45 56 33 90 59 68 73 25 90 26 1 63 97 19 23 45 36 29 31 15 81 53 42 32 1 65 71 49 55 89 70 22 43 44 79 97 29 26 77 28 48 28 31 91 67 8 15 
14 14 12 33 36 14 15 32 84 82 13 11 11 50 62 36 89 61 94 94 62 79 83 47 47 9 14 16 38 69 66 31 5 45 60 35 7 10 32 62 12 17 98 27 49 64 28 75 77 64 63 0 68 97 36 72 46 47 50 60 31 57 36 77 32 12 67 51 84 76 52 92 28 3 31 42 6 23 61 14 85 47 39 21 4 80 47 85 70 84 95 17 87 55 47 37 91 62 2 95 
31 67 61 55 96 71 51 97 83 25 61 11 40 86 36 1 43 65 10 60 63 21 57 3 64 97 41 5 99 81 45 92 11 53 52 28 30 69 13 93 45 43 37 18 69 7 9 90 98 18 40 32 82 0 31 76 73 56 35 84 72 53 12 66 65 72 82 13 12 88 43 68 18 29 99 7 20 31 65 34 54 16 53 87 23 46 40 85 70 99 39 62 15 10 18 59 56 30 77 14 
46 90 28 39 74 94 49 87 56 72 69 50 68 86 87 84 32 1 96 31 73 32 82 13 88 90 58 54 23 92 49 63 87 65 3 88 68 61 45 50 12 59 87 98 75 30 12 68 17 12 74 92 69 38 74 93 38 10 16 42 52 80 67 25 95 60 1 78 77 64 39 64 42 81 10 68 93 68 28 32 68 10 4 74 91 62 24 0 82 72 27 92 38 23 30 3 80 24 36 21 
82 75 65 23 96 60 50 24 47 29 14 43 38 77 79 81 0 97 41 6 36 32 84 60 87 0 28 62 22 24 63 84 63 9 73 53 52 54 45 79 81 78 94 44 20 80 77 36 79 76 47 3 33 10 87 34 78 49 9 34 32 31 7 16 76 32 63 93 91 70 39 15 64 89 24 91 70 34 71 95 29 26 14 46 96 88 44 96 9 32 42 38 78 50 81 18 1 97 57 42 
27 20 26 36 88 71 66 25 13 3 2 67 15 59 34 29 57 33 86 13 50 13 9 16 75 26 71 1 20 46 38 21 64 75 42 57 50 76 3 59 30 53 21 29 53 37 25 73 45 59 89 87 21 26 97 62 55 75 22 70 73 84 33 88 93 45 34 38 27 37 17 29 59 28 27 6 43 92 23 30 74 68 76 79 15 36 69 37 41 79 10 74 26 7 60 27 94 96 91 57 
54 9 15 24 42 83 10 92 76 94 22 41 89 7 64 23 15 22 99 54 77 31 96 25 83 66 27 95 22 37 60 82 46 86 22 0 79 22 71 58 67 25 88 48 93 73 74 90 0 42 23 15 29 8 49 45 8 90 67 27 29 29 95 15 47 19 40 43 37 64 47 83 33 22 15 71 23 7 22 79 4 6 0 97 22 0 76 87 41 66 82 4 66 70 0 7 47 54 41 20 
15 12 52 43 81 28 17 30 44 85 97 84 18 17 3 93 95 41 19 47 32 37 7 82 77 97 72 26 83 54 35 87 92 76 45 74 59 3 61 18 60 83 14 85 30 31 15 34 8 99 34 37 91 38 53 64 33 25 70 35 82 93 73 34 63 94 9 23 97 54 73 60 51 53 32 9 52 45 92 52 63 67 62 88 53 20 50 66 90 99 73 21 11 9 37 1 9 96 64 52 
4 81 23 76 81 20 6 33 50 60 10 15 26 61 56 72 75 96 93 43 51 94 91 49 41 45 82 6 52 25 16 3 68 89 43 46 17 83 40 31 61 87 20 90 58 11 35 30 11 91 71 90 82 3 99 90 0 95 51 27 88 82 2 97 58 89 44 96 30 38 67 36 95 26 66 18 2 8 2 23 19 11 71 7 19 45 91 36 17 60 37 14 12 79 60 50 59 46 22 90 
98 7 1 35 87 19 41 97 1 29 30 91 44 0 11 98 55 29 58 90 88 63 45 5 75 24 87 65 25 22 14 60 78 22 26 18 91 91 12 52 14 16 40 37 46 68 84 93 27 84 11 23 10 0 32 12 29 78 16 99 9 44 32 23 18 65 36 27 96 70 42 67 89 78 99 81 14 65 52 66 59 30 28 99 90 52 70 0 49 66 80 82 91 95 27 74 21 25 92 7 
42 22 47 19 66 74 84 16 92 36 89 60 40 28 22 11 44 52 75 14 49 3 42 20 47 25 33 13 59 50 58 21 57 43 78 71 65 52 83 73 41 83 27 14 79 85 63 67 87 2 34 65 12 22 53 32 32 62 49 60 6 36 64 34 48 21 46 3 0 75 49 36 6 64 95 81 88 60 62 29 73 72 49 39 93 58 56 92 50 53 80 77 65 16 3 15 39 64 2 26 
22 51 40 13 76 16 0 23 10 40 85 7 45 77 63 12 63 22 0 18 49 93 24 15 40 51 79 62 97 96 14 73 9 97 85 41 32 20 32 91 27 63 33 61 6 34 37 1 47 57 13 86 71 82 1 84 8 25 62 42 1 90 93 71 98 38 83 21 23 95 23 54 85 33 29 61 54 98 89 50 86 22 33 76 79 12 40 59 25 30 51 62 33 6 4 24 41 5 78 60 
12 1 66 26 66 33 4 9 63 65 71 9 47 60 7 50 12 29 41 4 44 72 53 86 69 67 16 97 92 59 46 41 23 61 52 26 52 72 96 96 79 73 40 33 95 75 62 68 32 17 39 47 18 89 22 23 97 40 21 73 77 39 45 5 24 1 59 92 1 50 46 22 46 89 98 2 81 72 2 34 77 94 9 17 54 32 73 94 37 11 44 98 22 86 54 85 74 17 50 44 
57 83 22 55 86 49 70 53 85 95 82 67 76 40 53 31 81 35 56 31 2 68 95 15 47 41 51 19 39 87 2 80 82 15 95 28 72 13 22 99 72 38 67 90 15 43 22 42 32 24 70 58 24 67 18 97 90 73 66 80 12 97 33 83 64 56 42 92 99 48 57 1 30 2 85 20 14 84 20 70 39 92 45 86 58 90 50 94 19 91 30 10 25 34 93 89 26 49 72 27 
38 48 62 36 77 94 86 40 25 25 2 32 22 93 76 29 66 95 25 32 82 87 63 69 21 53 76 45 32 16 84 90 0 59 63 72 88 22 4 92 13 56 42 86 63 82 56 17 79 7 50 11 7 78 35 31 52 0 62 89 93 81 55 18 54 71 26 28 61 47 2 41 95 96 93 0 6 36 89 91 38 62 61 27 50 92 64 33 22 36 30 72 64 34 76 65 9 19 22 98 
60 98 51 45 94 29 84 19 87 45 29 62 40 54 43 48 1 4 44 75 3 93 72 81 58 91 51 49 70 13 51 89 48 84 98 32 90 57 72 68 98 72 30 59 87 43 69 76 97 55 11 95 99 38 31 12 41 24 74 24 64 80 40 0 59 61 73 95 52 4 6 49 98 79 49 34 75 24 5 79 68 94 27 86 2 21 49 80 82 12 83 95 52 87 55 69 8 31 16 0 
64 6 86 77 93 94 9 33 88 91 50 19 69 68 33 82 90 39 87 37 12 24 13 83 12 65 63 84 93 74 69 94 36 94 31 5 46 7 65 41 0 47 41 51 0 43 97 83 44 46 57 5 39 42 56 45 51 50 31 92 37 7 87 24 48 18 35 25 32 36 62 48 56 71 78 19 2 76 25 89 61 15 68 76 30 74 9 29 67 66 29 92 2 94 48 62 65 23 39 76 
5 65 90 48 52 20 16 46 35 66 29 25 75 36 53 68 91 7 57 89 8 24 99 87 11 34 21 46 10 38 43 12 5 86 91 2 99 1 60 33 33 1 25 11 6 14 63 23 46 85 35 5 34 22 89 21 55 53 66 94 1 9 5 54 41 43 70 69 18 47 28 79 26 21 1 14 14 71 79 90 96 12 65 40 17 1 52 41 86 42 9 88 55 23 29 73 62 6 4 23 
12 55 74 48 85 73 62 48 25 17 87 62 85 7 37 26 22 87 36 62 26 55 32 61 30 36 46 53 71 15 23 29 46 77 8 15 43 62 45 70 99 42 90 50 30 36 25 93 68 96 31 52 74 79 18 45 59 18 14 30 33 19 95 56 61 73 18 73 11 24 49 80 3 46 66 30 21 39 91 79 53 57 21 27 45 66 81 40 81 91 51 2 9 13 18 48 84 92 93 1 
13 87 31 26 17 98 44 66 82 54 87 3 72 49 57 21 21 82 19 42 66 96 38 20 80 63 98 98 94 1 97 27 78 16 19 91 56 27 45 82 84 38 30 81 56 47 76 67 14 79 48 69 24 15 58 69 59 49 86 77 69 35 4 42 53 36 66 41 5 77 5 87 99 80 7 83 42 95 48 0 8 24 95 94 76 30 16 14 17 91 11 26 0 76 64 59 6 64 8 75 
18 25 36 4 91 64 94 79 12 64 39 1 89 35 41 76 75 89 6 75 19 21 14 72 10 66 12 4 32 25 13 82 85 86 5 42 7 42 88 89 88 17 49 15 28 16 74 79 18 18 64 23 87 85 90 34 26 68 92 42 83 89 14 69 83 11 73 47 56 14 62 98 23 58 50 77 33 59 95 39 61 2 41 94 55 50 32 50 91 4 9 42 20 75 37 30 83 5 81 8 
39 98 48 8 69 44 0 78 88 11 26 30 60 74 18 76 70 33 19 30 63 63 49 38 65 62 67 89 84 59 2 43 28 2 46 51 49 30 57 14 58 37 81 85 60 60 92 75 8 73 6 3 42 84 18 61 45 39 7 23 39 40 36 29 10 50 42 75 41 29 82 68 19 59 85 45 44 54 5 2 33 22 66 5 91 28 15 38 87 0 44 1 55 47 91 50 78 81 25 86 
64 42 90 23 28 39 0 62 80 77 63 94 80 46 16 2 17 38 10 42 85 4 89 18 57 75 75 97 6 73 27 80 26 4 83 25 10 54 78 2 27 61 29 99 29 31 47 60 34 74 41 57 59 17 96 75 29 14 44 42 97 55 58 29 51 32 2 67 7 38 2 25 44 87 61 20 82 81 83 76 13 19 52 84 24 14 94 30 2 64 18 61 93 72 17 56 62 89 73 4 
8 8 39 70 56 78 25 68 38 65 76 56 24 13 61 96 76 61 32 39 83 95 53 7 77 38 23 10 6 5 18 77 85 7 16 53 2 79 41 27 97 44 58 92 53 62 99 88 87 91 67 91 76 78 2 3 42 83 42 25 3 73 65 39 3 27 17 13 16 33 53 93 69 87 11 38 28 87 0 11 3 56 48 38 95 80 25 63 30 89 83 15 2 95 15 61 77 1 74 9 
93 75 45 73 51 70 81 49 28 47 67 24 34 83 17 69 82 3 37 18 88 91 33 82 57 27 13 51 60 52 78 53 54 82 41 71 28 56 51 83 63 45 90 5 12 55 48 70 3 41 31 79 15 8 55 57 83 0 10 97 38 68 87 77 8 99 79 18 11 88 1 65 72 97 2 33 53 43 13 41 38 5 54 79 98 59 50 16 62 52 55 86 19 48 60 83 20 97 14 62 
43 13 72 98 43 46 24 79 16 65 95 6 25 88 86 94 83 39 52 31 70 88 15 26 98 38 65 65 57 56 67 9 14 10 49 73 52 80 80 97 0 77 10 7 14 90 50 45 10 65 73 37 0 46 53 19 0 60 31 51 12 1 90 55 70 0 36 53 85 47 43 72 27 94 90 40 70 7 14 17 35 11 59 69 25 42 29 54 42 50 7 3 22 92 89 90 27 24 19 61 
89 26 17 2 61 72 86 94 45 38 15 44 86 90 77 95 12 33 21 92 98 54 49 40 36 49 70 43 51 30 30 35 6 11 60 0 57 1 72 13 78 29 62 4 57 26 79 64 46 31 26 25 42 53 89 54 11 95 84 48 97 81 17 92 86 1 46 27 54 42 31 17 32 57 50 92 63 44 27 66 79 29 63 31 87 13 80 35 66 44 76 99 89 42 47 77 18 59 80 90 
32 38 83 95 44 66 75 11 79 42 97 18 85 99 57 10 40 84 18 47 51 50 37 80 75 11 25 65 24 38 91 35 75 41 24 51 22 68 71 17 46 39 85 41 55 9 80 78 2 69 45 94 27 22 59 20 83 5 42 78 24 76 81 99 35 5 54 58 94 63 64 6 58 23 63 11 52 73 29 61 45 82 86 62 7 8 17 28 32 0 25 3 62 77 9 15 33 15 19 46 
52 74 76 19 3 48 25 3 49 73 31 98 8 47 68 31 55 4 62 2 62 32 46 52 33 47 65 69 13 92 27 62 61 8 45 48 32 31 76 63 57 95 57 82 52 46 87 95 99 23 18 29 90 13 62 94 88 67 11 19 5 68 72 44 2 91 41 97 27 10 42 84 9 19 38 50 61 61 43 72 3 15 41 55 44 39 75 17 6 57 31 49 8 3 53 0 40 75 78 23 
28 57 9 88 66 2 94 66 88 93 64 13 98 76 97 46 62 33 57 15 2 32 46 1 99 92 17 42 91 64 92 14 33 56 60 84 71 82 61 78 61 66 78 20 19 34 57 92 54 40 46 87 58 44 23 2 76 62 60 86 99 58 37 46 48 62 23 42 22 13 14 4 47 96 14 37 2 17 54 57 19 55 85 39 56 54 35 5 73 99 24 70 37 70 15 46 75 3 84 97 
23 26 46 11 12 58 80 63 10 14 61 27 17 98 75 20 69 67 88 0 34 68 32 98 25 68 63 23 2 96 69 12 11 33 89 42 83 93 73 16 7 9 60 93 35 42 90 6 27 46 80 33 45 10 31 24 91 87 69 93 83 30 77 77 46 56 32 20 4 98 6 78 88 84 23 7 49 81 94 63 74 69 92 94 94 25 80 27 84 45 46 17 31 39 18 46 98 98 52 85 
96 20 3 8 50 71 42 58 31 21 76 61 98 37 28 38 84 93 98 56 30 33 58 0 8 24 58 16 95 12 60 13 78 9 66 61 57 45 42 5 38 5 58 84 56 10 54 63 17 22 44 27 64 24 47 47 71 12 35 52 1 73 17 74 23 64 15 65 33 7 39 50 72 97 30 52 47 96 56 93 83 63 1 37 35 11 26 47 48 91 51 95 40 75 20 27 14 89 48 51 
99 21 83 93 33 53 83 50 4 32 18 3 22 53 47 62 68 16 98 54 78 49 75 74 18 2 68 88 31 12 25 47 95 84 75 23 30 81 48 41 6 40 52 50 39 8 67 45 42 99 2 54 18 43 76 77 3 55 69 6 85 38 98 5 16 48 54 88 63 41 0 31 95 83 52 79 80 44 20 78 67 2 12 26 24 23 44 12 1 89 75 0 44 9 48 95 67 88 43 1 
70 92 95 38 20 63 63 46 32 24 69 4 67 22 4 98 88 78 10 45 58 84 95 43 12 42 57 23 87 38 80 36 14 18 40 51 53 59 93 51 67 69 50 25 15 25 41 61 99 4 50 62 60 46 73 22 30 38 9 11 47 57 85 17 15 40 3 91 20 31 46 83 14 44 76 32 97 84 88 8 22 25 85 68 42 44 6 24 64 64 17 51 56 57 20 70 12 64 55 64 
42 67 82 96 12 66 57 0 67 27 85 81 67 77 62 86 59 93 47 83 39 94 57 94 11 80 60 79 10 32 52 12 9 49 49 58 93 61 89 26 11 46 12 73 68 37 64 42 91 8 55 54 3 28 34 18 35 78 15 58 93 28 69 75 99 23 76 72 81 75 32 86 74 68 94 94 17 36 82 35 91 48 99 3 41 45 50 54 95 30 93 67 12 32 48 26 60 42 56 65 
56 42 47 81 48 20 14 81 5 12 36 87 2 52 20 18 50 23 65 35 99 37 25 42 1 20 80 0 44 24 33 73 4 50 13 36 0 53 71 98 98 42 52 96 96 31 49 78 51 40 65 25 88 1 74 25 10 60 97 94 68 57 35 1 21 24 84 22 81 2 7 53 92 4 55 94 45 68 82 69 15 37 76 46 63 16 56 72 15 79 89 83 6 52 66 99 64 94 31 51 
41 82 20 70 46 95 65 98 80 56 50 94 44 54 45 52 6 9 95 68 31 74 58 30 21 25 41 69 67 30 5 12 74 47 29 68 65 85 16 27 53 37 97 65 59 19 40 35 94 71 7 69 58 84 65 76 7 78 73 37 22 5 38 52 11 55 77 23 82 42 70 78 85 8 51 28 64 66 51 49 60 1 54 34 67 10 13 57 19 94 90 30 15 2 69 42 38 26 39 61 
94 17 22 79 74 19 61 38 68 11 12 67 41 78 21 21 39 78 10 12 16 92 29 25 30 87 7 29 81 72 34 70 58 89 17 54 26 97 98 34 75 28 22 41 82 14 31 8 8 31 72 72 43 87 48 78 77 58 90 16 92 34 13 41 76 89 96 34 54 93 23 34 4 89 75 48 99 57 88 49 48 12 19 5 29 3 23 69 84 3 26 90 58 43 60 49 21 92 12 45 
5 55 64 31 81 96 60 42 93 93 96 47 50 40 13 54 88 38 41 3 49 1 74 82 31 0 6 30 82 42 25 0 92 47 56 89 86 83 54 37 16 76 65 61 13 50 47 96 8 45 10 73 14 24 34 94 30 83 13 47 18 63 51 2 52 4 27 56 44 92 83 86 13 46 54 62 92 77 92 72 22 39 71 30 17 23 45 86 45 46 40 65 76 45 72 22 48 73 45 98 
65 93 36 11 50 98 57 49 4 76 80 76 60 43 38 78 83 68 53 18 79 13 83 67 5 88 47 33 45 84 46 60 48 39 65 29 1 57 0 3 71 29 39 95 71 60 77 50 25 87 25 67 31 51 92 44 54 69 17 85 92 25 42 62 88 61 65 59 90 45 63 61 36 72 72 73 97 28 50 18 80 41 65 65 84 83 27 40 27 9 80 26 20 77 56 88 85 48 18 38 
54 36 71 59 37 22 7 49 51 92 85 1 44 22 10 25 60 70 71 65 88 3 1 94 68 88 87 69 48 86 97 90 97 19 47 14 55 76 92 33 60 61 10 12 26 91 88 22 95 48 85 81 79 7 43 97 94 63 53 3 46 16 58 66 65 23 88 31 27 78 10 38 67 6 0 42 74 16 0 36 41 13 89 68 89 27 82 11 85 44 10 13 81 24 66 92 24 59 27 93 
73 24 16 7 20 22 55 78 31 86 46 95 10 46 59 65 23 39 7 51 37 92 86 17 83 75 39 81 41 57 29 83 68 70 77 68 95 99 48 22 5 32 54 4 27 94 56 39 36 66 33 93 61 70 29 70 71 59 24 51 61 52 70 25 4 19 30 23 53 40 98 14 93 65 66 26 38 99 12 23 7 7 37 48 20 51 50 19 67 58 63 82 4 26 73 47 38 34 51 81 
45 60 71 42 72 93 72 77 0 57 93 28 23 32 86 67 79 3 85 25 35 80 99 20 6 67 79 37 44 48 25 50 99 46 42 89 22 26 76 46 37 3 81 90 1 14 35 50 11 38 35 72 94 97 97 23 61 48 10 64 89 62 53 30 43 20 3 56 72 6 43 97 35 48 8 96 2 28 91 32 8 76 59 90 41 67 16 5 68 6 70 35 55 41 8 61 42 30 2 72 
56 56 10 25 61 83 28 82 58 58 45 84 25 33 34 42 75 16 37 59 2 69 15 47 50 47 71 26 52 21 69 57 76 5 89 89 41 39 17 54 9 85 19 61 91 89 55 13 24 49 85 71 10 43 14 19 87 66 99 87 25 37 82 26 16 9 48 68 7 54 17 90 26 97 22 99 92 5 9 37 2 28 44 52 44 58 68 93 6 71 92 75 98 45 45 2 71 64 32 16 
35 13 25 15 53 2 4 90 67 52 73 16 57 64 18 97 80 36 31 47 85 22 34 21 60 64 52 60 87 69 15 55 63 86 90 38 81 60 8 29 97 85 18 17 3 73 79 62 28 86 38 63 98 95 18 76 39 81 84 34 48 69 25 41 29 21 61 5 49 64 30 80 50 98 94 89 48 4 0 41 10 20 87 96 11 95 87 55 46 92 82 75 63 31 53 27 26 14 23 20 
56 36 56 89 93 71 59 0 70 6 54 24 10 20 22 39 55 63 59 60 33 55 79 37 20 90 0 9 86 83 47 94 63 10 73 52 4 73 68 26 9 44 7 48 22 63 65 88 5 31 8 74 20 73 23 95 65 83 84 57 34 45 3 36 55 97 85 57 28 28 54 18 2 76 55 65 46 99 99 33 9 41 92 44 44 62 99 91 88 91 53 79 11 3 22 86 48 16 32 96 
77 43 99 61 55 55 75 50 52 76 84 19 26 94 74 15 60 60 7 57 12 71 58 75 46 37 31 86 99 42 27 55 22 64 81 16 45 46 80 11 79 86 78 64 66 37 88 8 67 65 80 6 13 14 46 54 5 84 62 83 21 8 7 81 75 47 77 94 80 1 37 86 50 34 33 2 54 62 17 87 33 99 35 90 81 56 43 19 28 9 22 0 72 4 19 75 16 91 14 37 
96 85 75 16 22 35 37 32 71 19 97 27 69 45 67 96 80 27 32 25 10 16 67 84 54 7 12 13 59 55 69 66 71 98 46 95 67 57 18 34 35 38 73 42 39 5 14 1 0 65 19 72 5 36 26 64 23 51 21 11 89 77 71 3 45 29 23 71 10 89 90 82 30 83 24 6 46 54 37 23 96 85 6 91 12 9 48 33 43 54 84 64 57 99 77 96 3 92 75 52 
2 17 13 61 58 79 30 20 70 83 12 86 62 91 77 48 97 71 86 24 54 92 28 89 84 84 44 87 49 96 15 1 87 11 76 21 98 29 37 28 98 96 98 93 32 5 85 17 4 80 82 60 45 99 40 79 39 86 71 96 31 45 38 40 6 64 41 77 42 69 79 23 3 57 25 69 20 53 13 12 27 30 84 7 82 31 22 24 2 64 8 38 48 4 11 21 60 96 65 83 
95 72 13 97 46 60 46 39 43 33 76 17 46 68 36 12 9 70 14 63 37 93 45 56 62 38 97 21 37 91 56 22 85 42 78 34 74 2 63 58 55 72 64 18 89 22 7 21 16 60 14 56 68 30 10 19 96 11 62 55 67 88 96 96 42 89 33 97 32 32 97 71 43 86 46 18 48 44 26 24 43 6 57 27 30 14 91 43 91 72 34 35 53 4 71 80 25 59 99 19 
27 69 14 82 92 74 64 16 66 28 32 56 53 59 31 57 50 94 64 90 9 60 4 93 56 4 55 58 30 92 1 32 29 76 39 8 49 25 71 2 88 33 19 99 87 29 23 43 69 14 32 13 56 42 79 68 52 27 88 41 35 20 42 46 99 70 87 27 19 0 34 74 99 67 99 5 66 56 7 19 8 37 3 24 43 50 3 45 88 46 24 68 39 40 3 34 99 14 5 98 
81 15 57 79 77 84 27 87 53 48 35 71 62 65 13 64 13 28 47 79 60 75 47 27 25 89 8 11 47 98 26 16 6 3 58 36 49 3 95 3 67 88 94 63 91 68 18 43 1 88 65 13 15 18 68 87 14 41 99 76 50 82 96 23 17 10 11 49 80 8 7 58 68 44 23 42 67 85 20 76 82 13 53 93 19 41 68 69 2 84 36 34 5 58 28 71 14 37 60 23 
88 70 65 14 54 24 29 45 84 26 51 79 80 48 39 54 13 99 33 66 96 80 41 84 41 9 16 24 44 22 41 72 47 83 35 46 3 65 1 45 97 58 39 26 44 59 36 60 84 28 63 75 32 23 15 10 9 79 28 65 97 26 57 34 66 78 68 73 93 13 54 39 1 34 4 37 75 18 21 53 76 96 54 21 73 60 72 50 57 97 91 57 34 51 53 52 27 32 72 89 
80 23 64 10 32 45 86 4 26 56 11 62 85 7 82 97 80 6 63 51 35 22 73 84 43 59 18 3 70 87 7 56 20 78 26 17 39 13 54 27 65 17 65 84 60 44 35 76 49 39 13 67 65 97 18 72 67 67 34 88 10 62 29 55 3 54 62 72 23 25 13 48 86 50 35 89 37 43 43 86 63 71 67 78 69 58 86 25 67 55 54 15 39 42 9 85 97 46 69 10 
86 0 22 37 1 11 97 71 49 44 44 25 37 19 63 98 6 37 31 27 83 97 12 18 7 39 50 23 72 39 85 77 22 66 28 75 38 37 92 93 15 66 87 71 17 38 20 86 69 21 94 40 1 69 41 56 2 70 26 60 79 22 40 9 42 2 65 39 8 31 78 40 54 69 21 90 70 34 8 26 58 89 94 72 61 24 26 15 49 54 35 5 69 75 29 32 31 62 66 15 
19 55 86 42 38 43 16 27 49 84 92 66 63 94 45 28 23 30 29 90 9 96 51 30 81 88 58 6 12 18 98 89 55 87 37 54 86 40 60 28 97 71 50 29 35 72 20 18 60 83 65 16 34 65 32 53 42 26 3 24 63 4 90 22 78 12 78 81 8 77 82 31 67 62 46 96 59 61 98 67 65 94 82 60 37 50 60 59 19 31 69 63 27 88 59 23 39 2 83 13 
99 8 30 13 58 66 34 16 66 38 2 83 1 51 82 66 14 9 33 6 48 38 86 63 32 30 16 51 51 74 45 90 75 22 65 35 13 7 7 10 7 65 12 51 83 57 16 20 80 54 66 62 70 13 40 76 29 14 97 79 92 52 84 62 21 52 32 54 86 48 98 11 6 17 62 80 61 38 20 86 22 46 3 87 33 51 32 18 0 80 84 34 10 50 91 92 78 84 69 45 
74 22 90 8 25 52 24 48 48 58 50 71 70 43 96 64 62 71 53 59 88 61 38 5 51 48 70 98 20 45 76 50 83 20 21 32 48 64 67 61 15 54 89 4 20 55 84 80 16 66 65 65 24 5 53 24 7 18 49 75 12 77 75 60 18 41 19 92 91 9 42 41 83 11 70 37 62 46 28 54 99 83 8 18 26 66 40 58 0 26 96 50 67 93 48 0 69 60 39 92 
2 76 88 60 20 60 67 72 52 92 72 83 50 30 13 22 24 77 2 1 92 89 82 59 18 22 20 39 87 19 90 45 57 29 54 82 20 17 85 37 72 74 85 76 17 10 63 18 85 37 58 37 72 10 6 94 15 74 30 53 18 13 95 18 55 40 30 51 59 70 6 47 28 14 75 26 3 35 60 44 58 53 43 62 7 6 25 78 91 26 48 1 86 86 78 37 61 74 30 15 
31 37 88 59 99 24 25 71 44 92 88 19 58 80 10 25 67 2 5 90 41 21 90 93 47 27 29 87 24 22 58 31 55 60 45 31 71 85 24 78 18 62 5 50 71 44 34 33 76 61 6 24 53 46 80 42 69 80 81 98 5 22 63 97 5 58 93 31 60 68 99 36 57 47 29 18 77 14 85 30 52 23 57 1 27 83 12 26 23 38 45 55 6 91 67 34 27 79 80 75 
61 94 83 6 2 60 72 78 77 1 23 23 26 19 32 83 29 66 20 30 8 70 67 90 38 80 60 36 13 8 1 81 87 22 21 60 96 31 27 3 78 37 87 28 14 9 33 57 72 49 96 72 14 36 33 7 0 31 7 88 81 8 14 45 21 13 8 8 24 5 59 36 33 1 2 22 26 37 75 55 46 71 92 75 33 95 86 45 21 27 44 93 63 43 70 10 32 43 21 51 
80 30 71 60 56 55 23 81 61 26 50 30 12 62 18 0 37 22 79 15 90 39 36 51 21 47 13 48 52 17 10 89 36 82 72 44 32 31 15 80 48 8 83 31 53 11 55 36 24 65 50 29 75 31 30 86 75 23 30 1 84 39 40 99 38 64 54 31 45 43 77 32 41 86 7 98 3 25 30 49 16 76 27 41 86 19 17 24 75 40 22 94 98 18 5 21 16 48 85 72 
98 16 53 21 51 10 45 69 79 2 11 38 70 28 50 1 34 33 28 0 95 21 50 80 21 18 36 20 91 55 36 52 60 32 33 5 29 8 69 45 3 17 75 15 16 50 49 13 44 28 73 9 61 76 44 52 55 42 69 38 34 88 28 4 39 7 56 96 63 77 89 69 25 81 65 47 15 54 66 51 27 64 74 86 95 57 9 9 31 6 88 46 86 11 27 14 5 92 34 56 
49 44 57 29 89 58 19 10 27 21 11 90 72 1 6 0 81 30 80 51 98 57 94 23 65 13 83 48 23 90 94 29 59 12 15 54 40 91 68 49 53 13 77 91 37 63 51 1 87 54 79 82 83 84 4 4 71 79 72 38 34 53 64 29 88 72 23 81 30 65 14 91 48 39 11 87 56 51 3 91 63 58 30 22 54 4 23 91 54 17 60 53 30 75 51 80 21 93 4 59 
16 6 21 78 36 18 50 39 5 98 20 22 11 65 31 71 67 7 2 75 35 77 75 66 32 51 89 22 40 21 29 75 89 43 44 1 41 23 26 6 21 13 85 85 73 57 18 51 90 93 49 97 97 20 65 14 73 96 73 87 40 66 85 84 76 38 38 92 68 46 37 46 17 78 86 29 21 43 89 1 60 39 33 26 83 58 76 53 45 53 22 6 9 23 43 69 73 7 69 11 
17 74 12 90 13 73 45 64 4 45 64 45 87 48 81 47 74 12 98 7 50 1 19 48 66 37 80 92 22 24 37 89 72 15 61 40 17 20 80 84 28 98 36 69 71 33 18 44 77 28 11 65 77 66 41 19 44 77 29 79 46 21 81 92 88 66 50 61 2 46 16 77 48 44 6 64 4 40 36 35 78 12 71 27 61 12 43 16 45 79 18 47 83 26 97 68 3 71 81 40 
17 55 64 27 20 8 78 84 44 84 60 31 46 56 23 5 11 12 70 3 32 80 66 28 93 60 64 50 9 58 29 97 63 99 44 9 55 32 79 71 41 37 37 51 35 16 60 86 43 66 12 49 28 89 35 87 78 36 66 21 32 90 33 90 62 94 19 38 80 45 95 77 56 86 37 51 77 2 98 58 48 46 1 85 54 81 85 72 99 43 66 64 63 76 76 57 89 86 5 94 
8 23 29 37 51 41 51 47 1 12 28 13 56 84 63 38 5 22 43 80 27 0 82 32 38 56 79 87 55 81 20 67 84 41 40 73 99 43 53 68 62 31 95 15 92 59 47 35 86 87 70 88 52 59 79 10 44 60 83 85 69 47 65 7 25 75 76 50 74 57 63 71 79 42 66 75 18 38 61 7 40 98 42 37 32 34 89 43 6 44 54 24 0 84 22 41 98 13 65 57 
28 5 49 59 0 39 0 78 39 0 48 63 8 95 10 21 15 50 30 91 64 26 95 62 16 42 54 96 38 67 33 38 17 72 72 17 98 4 17 2 82 27 6 0 19 40 48 33 49 13 81 75 24 23 88 16 60 7 29 20 12 39 84 13 30 36 30 54 83 2 43 99 21 88 52 21 16 81 20 79 5 82 72 3 53 22 53 46 88 20 74 83 6 51 38 41 11 38 67 49 
45 84 9 25 40 23 45 25 91 23 63 20 2 46 39 59 32 87 59 96 42 34 51 86 94 30 73 79 44 77 45 51 97 47 63 52 38 75 53 7 63 58 82 24 75 30 60 72 36 5 71 81 81 7 50 21 71 75 77 57 25 74 8 62 57 45 12 96 77 18 36 80 86 82 55 1 99 70 53 59 43 64 29 27 56 53 67 42 60 19 75 6 34 96 60 89 0 61 0 10 
99 67 53 10 82 26 82 4 2 58 78 51 75 67 87 3 90 59 10 81 68 42 23 25 30 93 78 64 43 45 47 96 29 92 57 66 77 60 20 69 97 31 90 46 98 43 26 77 75 75 77 30 77 19 81 95 28 59 58 94 1 31 91 67 55 9 10 79 70 86 73 23 80 87 80 65 88 91 27 65 6 91 77 13 27 64 20 45 15 68 74 52 55 29 13 5 80 54 58 24 
26 98 66 33 96 17 51 31 80 28 18 32 81 61 32 72 99 57 1 14 65 53 95 23 88 58 83 26 95 94 46 25 26 78 51 0 52 44 64 44 50 13 44 72 36 15 58 87 16 33 93 86 29 92 93 97 40 68 90 60 26 19 23 15 36 57 64 56 62 43 57 75 73 20 9 80 32 72 85 87 16 44 4 72 52 88 56 16 43 45 75 89 29 8 71 5 96 18 72 96 
75 38 76 44 82 91 19 81 43 84 88 83 77 14 82 97 40 5 71 29 98 84 13 70 22 68 49 52 38 1 57 86 34 26 47 77 21 50 52 37 22 66 81 78 82 97 53 25 49 20 34 67 46 24 78 32 40 11 43 30 86 27 81 98 90 55 55 19 91 57 50 59 56 31 27 86 88 94 68 1 21 72 44 35 24 24 64 58 2 15 0 12 35 64 50 77 16 29 48 61 
23 41 37 85 15 13 90 78 58 38 49 3 83 51 22 36 40 92 44 19 25 63 61 23 32 77 95 47 34 4 14 71 7 69 23 84 29 51 29 96 39 72 15 58 24 62 3 18 87 30 27 99 61 13 88 93 44 8 70 77 43 97 77 9 13 38 17 74 95 18 12 2 11 25 60 39 44 29 77 52 59 45 50 84 80 31 54 78 49 50 86 40 1 24 67 38 50 8 17 55 
53 13 67 87 6 21 50 89 88 5 40 2 45 14 10 36 93 66 86 77 36 53 37 77 94 86 23 19 73 57 5 38 34 61 65 12 83 64 32 6 89 51 11 16 97 19 29 70 59 75 90 79 89 26 13 64 58 50 72 47 65 78 88 58 9 18 57 38 31 38 92 77 41 57 97 77 97 98 70 42 32 73 95 54 99 19 20 8 54 97 84 47 66 15 69 73 5 35 93 84 
77 22 31 29 23 19 19 97 45 16 38 18 48 81 44 73 49 10 42 93 64 30 5 97 85 93 95 66 25 33 76 14 22 29 40 48 44 98 92 11 41 18 83 66 64 12 19 92 39 18 38 27 91 77 6 95 35 27 95 20 55 10 43 71 97 94 12 96 90 3 12 87 38 22 2 91 76 16 91 3 36 94 43 31 47 23 99 91 99 9 75 20 1 60 28 14 47 20 89 86 
